
lon   lat
397,   220
397,   221
397,   222
397,   223
397,   224
397,   225
397,   226
398,   226
398,   228
397,   229
397,   230
396,   231
396,   232
397,   233
397,   234
397,   235
397,   236
397,   237
397,   238
397,   239
396,   240
396,   241
396,   242
395,   243
395,   244
395,   245
394,   246
393,   247
392,   248
391,   249
385,   250
386,   250
389,   250
390,   250
387,   251
388,   251
385,   251
384,   252
382,   253
384,   253
382,   254
381,   254
381,   255
381,   256
381,   257
381,   258
381,   259
382,   260
382,   261
381,   262
381,   263
381,   264
382,   265
382,   266
381,   267
381,   268
381,   269
382,   270
381,   271
381,   272
381,   273
381,   274
380,   275
380,   276
380,   277
380,   278
380,   279
379,   280
377,   281
378,   281
376,   282
374,   283
375,   283
372,   284  
373,   284
371,   285
370,   286
370,   287
369,   288
368,   289
367,   290
366,   291
364,   292
365,   292
363,   292
362,   293
362,   294
363,   295
363,   296
363,   297
363,   298
363,   299
363,   300
364,   301
364,   302
364,   303
363,   304
364,   305
364,   306
363,   307
362,   308
362,   309
361,   310
361,   311
360,   312
360,   313
360,   314
357,   314
359,   315
357,   316
356,   317
356,   318
355,   319
354,   320
353,   321
352,   322
352,   323
352,   324
351,   325
350,   326
349,   327
348,   328
345,   329
346,   329
347,   329
345,   330
344,   331
343,   332
342,   333
341,   334
340,   335
340,   336
341,   336
341,   338
341,   339
341,   340
341,   341
342,   342
342,   343
341,   344
341,   345
340,   346
339,   347
343,   348
343,   349
343,   350
344,   351
344,   352
345,   353
345,   354
345,   355
344,   356
344,   357
342,   358
343,   358
340,   359
341,   359
339,   360
336,   361
337,   361
338,   361
335,   362
335,   363
335,   364
335,   365
334,   366
330,   367
331,   367
332,   367
333,   367
329,   368
328,   369
327,   370
328,   371
328,   372
328,   373
327,   374
327,   375
327,   376
327,   377
327,   378
326,   379
326,   380
326,   381
326,   382
325,   383
325,   384
324,   385
323,   386
322,   387
319,   388
320,   388
321,   388
318,   389
318,   390
317,   391
317,   392
316,   393
316,   394
315,   395
314,   396
314,   397
314,   398
313,   399
313,   400
313,   401
313,   402
312,   403
312,   404
312,   405
312,   406
312,   407
312,   408
311,   409
311,   410
311,   411
311,   412
313,   412
312,   414
311,   415
312,   416
312,   417
311,   418
311,   419
310,   420
309,   421
303,   422
305,   422
306,   422
307,   422
308,   422
303,   423
303,   424
303,   425
303,   426
303,   427
302,   428
302,   429
302,   430
304,   430
304,   432
304,   433
304,   434
303,   435
303,   436
303,   437
303,   438
303,   439
303,   440
302,   441
302,   442
302,   443
301,   444
301,   445
300,   446
300,   447
300,   448
300,   449
299,   450
298,   451
298,   452
297,   453
297,   454
296,   455
295,   456
294,   457
294,   458
293,   459
292,   460
291,   461
291,   462
290,   463
289,   464
288,   465
287,   466
287,   467
285,   468
286, 468
283,   469
284, 469
282,   470
281,   471
281,   472
280,   473
279,   474
277,   475
278,   475
274,   476
275,   476
276,   476
273,   477
273,   478
272,   479
271,   480
270,   481
269,   482
267,   483
268,   483
266,   484
265,   485
264,   486
260,   487
261,   487
262,   487
263,   487
259,   488
257,   489
258,   489
256,   490
255,   491
254,   492
252,   493
253,   493
252,   494
235,   495
236,   495
250,   495
251,   495
233,   496
234,   496
236,   496
249,   496
231,   497
232,   497
247,   497
248,   497
238,   498
239,   498
242,   498
243,   498
244,   498
245,   498
246,   498
229,   499
239,   499
241,   499
229,   500
230,   501
231,   502
231,   503
231,   504
230,   505
230,   506
229,   507
229,   508
228,   509
228,   510
228,   511
227,   512
226,   513
226,   514
225,   515
224,   516
203,   517
204,   517
223,   517
201,   518
202,   518
204,   518
206,   518
207,   518
221,   518
222,   518
196,   519
197, 519
198, 519
199, 519
200, 519
208, 519
209, 519
210, 519
211, 519
212, 519
213, 519
214, 519
215, 519
216, 519
217, 519
218, 519
219, 519
220, 519
193,   520
194, 520
195, 520
190,   521
191, 521
192, 521
189,   522
183, 523
184, 523
186,   523
187, 523
188, 523
182,   524
185, 523
181,   525
180,   526
179,   527
177,   528
178, 528
176,   529
176,   530
175,   531
175,   532
175,   533
175,   534
174,   535
171,   536
172, 536
173, 536
170,   537
169,   538
167,   539
168, 539
166,   540
165,   541
163,   542
164, 542
162,   543
160,   544
161, 544
157,   545
158, 545
159, 545
137, 546
142, 546
143, 546
144, 546
145, 546
146, 546
147, 546
155,   546
156, 546
133,   547
134, 547
135, 547
136, 547
138, 546
139, 547
140, 547
141, 547
148, 547
149, 547
150, 547
151, 547
152, 547
153, 547
154, 547
130, 548
131, 548
132, 548
100, 549
101, 549
128, 549
129, 549
98 , 550
99 , 550
102, 550
103, 550
104, 550
105, 550
106, 550
110, 550
122, 550
124, 550
125, 550
126, 550
127, 550
97 , 551
107, 551
108, 551
109, 551
111, 551
112, 551
113, 551
114, 551
115, 551
116, 551
117, 551
118, 551
119, 551
120, 551
121, 551
123, 551
96 ,  552
96 ,  553
95 ,  554
94 ,  555
91 ,  556
92 ,  556
93 ,  556
87 ,  557
89 ,  557
90 ,  557
87 ,  558
87 ,  559
87 ,  560
87 ,  561
88 ,  562
88 ,  563
89 ,  564
89 ,  565
89 ,  566
89 ,  567
89 ,  568
88 ,  569
88 ,  570
87 ,  571
87 ,  572
88 ,  573
88 ,  574
88 ,  575
89 ,  576
89 ,  577
89 ,  578
89 ,  579
88 ,  580
87 ,  581
86 ,  582
85 ,  583
85 ,  584
86 ,  585
86 ,  586
86 ,  587
87 ,  588
87 ,  589
87 ,  590
87 ,  591
87 ,  592
87 ,  593
88 ,  594
88 ,  595
88 ,  596
87 ,  597
87 ,  598
87 ,  599
86 ,  600
84 ,  601
85 ,  601
78 ,  602
79 ,  602
83 ,  602
76 ,  603
77 ,  603
80 ,  603
81 ,  603
82 ,  603
74 ,  604
75 ,  604
73 ,  605
72 ,  606
71 ,  607
71 ,  608
71 ,  609
71 ,  610
72 ,  611